height	timestamp	diff	change	bits	average_time(seconds)	average_hashrate
2016	1233063531	1	0	0x1d00ffff	1020	4209307
4032	1234466190	1	0	0x1d00ffff	696	6173028
6048	1235966513	1	0	0x1d00ffff	744	5771193
8064	1237508786	1	0	0x1d00ffff	765	5614216
10080	1239055463	1	0	0x1d00ffff	767	5598230
12096	1240599098	1	0	0x1d00ffff	766	5609262
14112	1242098425	1	0	0x1d00ffff	744	5775027
16128	1243737085	1	0	0x1d00ffff	813	5283984
18144	1246051973	1	0	0x1d00ffff	1148	3740420
20160	1248481816	1	0	0x1d00ffff	1205	3563462
22176	1252069298	1	0	0x1d00ffff	1780	2413574
24192	1254454028	1	0	0x1d00ffff	1183	3630873
26208	1257002900	1	0	0x1d00ffff	1264	3397053
28224	1259358667	1	0	0x1d00ffff	1169	3675513
30240	1261130161	1	0	0x1d00ffff	879	4887769
32256	1262153464	1	0	0x1d00d86a	508	8461476
34272	1263250117	1	0	0x1d00c428	544	7895527
36288	1264424879	1	0	0x1d00be71	583	7370560
38304	1265319794	1	0	0x1d008cc3	444	9675392
40320	1266191579	2	100	0x1c654657	432	9932098
42336	1267000864	3	50	0x1c43b3e5	401	21398281
44352	1268010873	4	33.33	0x1c387f6f	501	25718545
46368	1269212064	4	0	0x1c381375	596	28833562
48384	1270120042	6	50	0x1c2a1115	450	38144774
50400	1271061586	7	16.67	0x1c20bca7	467	55177372
52416	1271886772	11	57.14	0x1c16546f	409	73450808
54432	1272966376	12	9.09	0x1c13ec53	536	88222343
56448	1274278435	11	-8.33	0x1c159c24	651	79191445
58464	1275141448	16	45.45	0x1c0f675c	428	110363568
60480	1276298786	17	6.25	0x1c0eba64	574	119704412
62496	1277382446	19	11.76	0x1c0d3142	538	135833304
64512	1278381464	23	21.05	0x1c0ae493	496	164676139
66528	1279008237	45	95.65	0x1c05a3f4	311	317737113
68544	1279297779	181	302.22	0x1c0168fd	144	1345709545
70560	1280198558	244	34.81	0x1c010c5a	447	1739845607
72576	1281037595	352	44.26	0x1c00ba18	416	2518019578
74592	1281870671	511	45.17	0x1c00800e	413	3658545237
76608	1282864403	623	21.92	0x1b692098	493	4452480376
78624	1283922289	712	14.29	0x1b5bede6	525	5099170879
80640	1284861847	917	28.79	0x1b4766ed	466	6561555217
82656	1285703908	1318	43.73	0x1b31b2a3	418	9429228738
84672	1286861705	1378	4.55	0x1b2f8e9d	574	9856741779
86688	1287637995	2149	55.95	0x1b1e7eca	385	15370061841
88704	1288479527	3091	43.83	0x1b153263	417	22111396350
90720	1289305768	4536	46.75	0x1b0e7256	410	32392364608
92736	1290105874	6866	51.37	0x1b098b2a	397	49088064401
94752	1291135075	8078	17.65	0x1b081cd2	511	57763564975
96768	1291933202	12251	51.66	0x1b055953	396	87635937096
98784	1292956443	14484	18.23	0x1b04864c	508	1.04E+11
100800	1294031411	16307	12.59	0x1b0404cb	533	1.17E+11
102816	1295101567	18437	13.06	0x1b038dee	531	1.32E+11
104832	1296116171	22012	19.39	0x1b02fa29	503	1.57E+11
106848	1297140800	25997	18.1	0x1b028552	508	1.86E+11
108864	1298006152	36459	40.24	0x1b01cc26	429	2.60E+11
110880	1298800760	55589	52.47	0x1b012dcd	394	3.97E+11
112896	1299684355	76192	37.06	0x1b00dc31	438	5.45E+11
114912	1301020785	68977	-9.47	0x1b00f339	663	4.94E+11
116928	1302034197	82345	19.38	0x1b00cbbd	503	5.89E+11
118944	1303112976	92347	12.15	0x1b00b5ac	535	6.61E+11
120960	1304131980	109670	18.76	0x1b0098fa	505	7.85E+11
122976	1304975844	157416	43.54	0x1a6a93b3	419	1.13E+12
124992	1305756287	244112	55.07	0x1a44b9f2	387	1.75E+12
127008	1306435316	434877	78.15	0x1a269421	337	3.11E+12
129024	1307363105	567269	30.44	0x1a1d932f	460	4.06E+12
131040	1308145774	876954	54.59	0x1a132185	388	6.28E+12
133056	1308915923	1379192	57.27	0x1a0c2a12	382	9.86E+12
135072	1309984546	1563027	13.33	0x1a0abbcf	530	1.12E+13
137088	1311103389	1690895	8.18	0x1a09ec04	555	1.21E+13
139104	1312186279	1888786	11.7	0x1a08e1e5	537	1.35E+13
141120	1313451894	1805700	-4.4	0x1a094a86	628	1.29E+13
143136	1314681303	1777774	-1.55	0x1a096fe3	610	1.27E+13
145152	1315906316	1755425	-1.26	0x1a098ea5	608	1.26E+13
147168	1317163624	1689334	-3.76	0x1a09ee5d	624	1.21E+13
149184	1318556675	1468195	-13.09	0x1a0b6d4b	691	1.05E+13
151200	1320032534	1203461	-18.03	0x1a0df0ca	732	8.61E+12
153216	1321253770	1192497	-0.91	0x1a0e119a	606	8.53E+12
155232	1322576420	1090715	-8.54	0x1a0f61b1	656	7.81E+12
157248	1323718955	1155038	5.9	0x1a0e8668	567	8.27E+12
159264	1324925005	1159929	0.42	0x1a0e76ba	598	8.29E+12
161280	1326047176	1250757	7.83	0x1a0d69d7	557	8.95E+12
163296	1327204504	1307728	4.55	0x1a0cd43f	574	9.36E+12
165312	1328351561	1379647	5.5	0x1a0c290b	569	9.87E+12
167328	1329564255	1376302	-0.24	0x1a0c309c	602	9.85E+12
169344	1330676736	1496978	8.77	0x1a0b350c	552	1.07E+13
171360	1331885394	1498294	0.09	0x1a0b3287	600	1.07E+13
173376	1332999707	1626553	8.56	0x1a0a507e	553	1.16E+13
175392	1334246689	1577913	-2.99	0x1a0aa1e3	619	1.13E+13
177408	1335512370	1508589	-4.39	0x1a0b1ef7	628	1.08E+13
179424	1336565313	1733207	14.89	0x1a09ae02	522	1.24E+13
181440	1337883029	1591074	-8.2	0x1a0a8b5f	654	1.14E+13
183456	1339099525	1583177	-0.5	0x1a0a98d6	603	1.13E+13
185472	1340208964	1726566	9.06	0x1a09b78a	550	1.24E+13
187488	1341401841	1751454	1.44	0x1a099431	592	1.25E+13
189504	1342537166	1866391	6.56	0x1a08fd2e	563	1.34E+13
191520	1343647577	2036671	9.12	0x1a083cc9	551	1.46E+13
193536	1344772855	2190865	7.57	0x1a07a85e	558	1.57E+13
195552	1345859199	2440642	11.4	0x1a06dfbe	539	1.75E+13
197568	1346955037	2694047	10.38	0x1a063a38	544	1.93E+13
199584	1348092851	2864140	6.31	0x1a05db8b	564	2.05E+13
201600	1349226660	3054627	6.65	0x1a057e08	562	2.19E+13
203616	1350428168	3072321	0.58	0x1a0575ef	596	2.20E+13
205632	1351556195	3304356	7.55	0x1a0513c5	560	2.36E+13
207648	1352743186	3368767	1.95	0x1a04faeb	589	2.41E+13
209664	1353928229	3438908	2.08	0x1a04e0ea	588	2.46E+13
211680	1355162613	3370181	-2	0x1a04fa62	612	2.41E+13
213696	1356530740	2979636	-11.59	0x1a05a16b	679	2.13E+13
215712	1357641634	3249549	9.06	0x1a0529b1	551	2.32E+13
217728	1358966487	2968775	-8.64	0x1a05a6b1	657	2.12E+13
219744	1360063146	3275464	10.33	0x1a051f3c	544	2.34E+13
221760	1361148470	3651011	11.47	0x1a04985c	538	2.61E+13
223776	1362159764	4367876	19.63	0x1a03d74b	502	3.13E+13
225792	1363249946	4847647	10.98	0x1a0375fa	541	3.47E+13
227808	1364126425	6695826	38.13	0x1a02816e	435	4.79E+13
229824	1365183643	7672999	14.59	0x1a022fbe	524	5.48E+13
231840	1366218134	8974296	16.96	0x1a01de94	513	6.42E+13
233856	1367296471	10076292	12.28	0x1a01aa3d	535	7.21E+13
235872	1368386123	11187257	11.03	0x1a017fe9	541	8.01E+13
237888	1369499746	12153411	8.64	0x1a016164	552	8.70E+13
239904	1370442318	15605632	28.41	0x1a011337	468	1.12E+14
241920	1371418654	19339258	23.92	0x1a00de15	484	1.38E+14
243936	1372515725	21335329	10.32	0x1a00c94e	544	1.53E+14
245952	1373502163	26162875	22.63	0x1a00a429	489	1.87E+14
247968	1374515827	31256960	19.47	0x1a008968	503	2.23E+14
249984	1375527115	37392766	19.63	0x1972dbf2	502	2.68E+14
252000	1376417490	50810339	35.88	0x19548732	442	3.64E+14
254016	1377353319	65750060	29.4	0x19415257	464	4.70E+14
256032	1378268460	86933017	32.22	0x1931679c	454	6.22E+14
258048	1379202248	112628548	29.56	0x19262222	463	8.06E+14
260064	1380118146	148819199	32.13	0x191cdc20	454	1.06E+15
262080	1381070552	189281249	27.19	0x1916b0ca	472	1.35E+15
264096	1381925788	267731249	41.45	0x19100ab6	424	1.92E+15
266112	1382754272	390928787	46.02	0x190afc85	411	2.80E+15
268128	1383681123	510929738	30.7	0x190867f3	460	3.65E+15
270144	1384699499	609482679	19.29	0x19070bfb	505	4.34E+15
272160	1385742648	707408283	16.07	0x19061242	517	5.06E+15
274176	1386684686	908350862	28.41	0x1904ba6e	467	6.50E+15
276192	1387617112	1180923195	30.01	0x1903a30c	463	8.44E+15
278208	1388624318	1418481395	20.12	0x1903071f	500	1.02E+16
280224	1389583220	1789546951	26.16	0x19026666	476	1.28E+16
282240	1390570126	2193847870	22.59	0x1901f52c	490	1.57E+16
284256	1391584456	2621404453	19.49	0x1901a36e	503	1.87E+16
286272	1392597839	3129573174	19.39	0x19015f53	503	2.24E+16
288288	1393590585	3815723798	21.92	0x19012026	492	2.73E+16
290304	1394676764	4250217919	11.39	0x190102b1	539	3.04E+16
292320	1395703832	5006860589	17.8	0x1900db99	509	3.58E+16
294336	1396694478	6119726089	22.23	0x1900b3aa	491	4.38E+16
296352	1397755646	6978842649	14.04	0x19009d8c	526	4.99E+16
298368	1398811175	8000872135	14.64	0x1900896c	524	5.72E+16
300384	1399904311	8853416309	10.66	0x187c3053	542	6.34E+16
302400	1400928750	10455720138	18.1	0x18692842	508	7.48E+16
304416	1402004993	11756551916	12.44	0x185d859a	534	8.41E+16
306432	1403061280	13462580114	14.51	0x1851aba2	524	9.64E+16
308448	1404029556	16818461371	24.93	0x18415fd1	480	1.20E+17
310464	1405205894	17336316978	3.08	0x183f6be6	584	1.24E+17
312480	1406325092	18736441558	8.08	0x183aaea2	555	1.34E+17
314496	1407474112	19729645940	5.3	0x1837ba62	570	1.41E+17
316512	1408475518	23844670038	20.86	0x182e1c58	497	1.71E+17
318528	1409527152	27428630902	15.03	0x182815ee	522	1.96E+17
320544	1410638896	29829733124	8.75	0x1824dbe9	551	2.14E+17
322560	1411680080	34661425923	16.2	0x181fb893	516	2.48E+17
324576	1412877866	35002482026	0.98	0x181f6973	594	2.51E+17
326592	1414055393	35985640265	2.81	0x181e8dc0	584	2.57E+17
328608	1415154631	39603666252	10.05	0x181bc330	545	2.83E+17
330624	1416345124	40300030327	1.76	0x181b4861	591	2.88E+17
332640	1417563705	40007470271	-0.73	0x181b7b74	604	2.86E+17
334656	1418791024	39457671307	-1.37	0x181bdd7c	609	2.82E+17
336672	1419965588	40640955016	3	0x181b0dca	583	2.91E+17
338688	1421084073	43971662056	8.2	0x1819012f	555	3.15E+17
340704	1422372946	41272873894	-6.14	0x181aa3c0	639	2.95E+17
342720	1423496415	44455415962	7.71	0x1818bb87	557	3.18E+17
344736	1424648937	46684376316	5.01	0x18178d3a	572	3.34E+17
346752	1425840165	47427554950	1.59	0x18172ec0	591	3.39E+17
348768	1427068411	46717549644	-1.5	0x181788f2	609	3.34E+17
350784	1428211345	49446390688	5.84	0x18163c71	567	3.54E+17
352800	1429467906	47610564513	-3.71	0x181717f0	623	3.41E+17
354816	1430677341	47643398017	0.07	0x181713dd	600	3.41E+17
356832	1431858433	48807487244	2.44	0x181686f5	586	3.49E+17
358848	1433099185	47589591153	-2.5	0x18171a8b	615	3.41E+17
360864	1434257763	49692386354	4.42	0x18162043	575	3.56E+17
362880	1435475246	49402014931	-0.58	0x1816418e	604	3.53E+17
364896	1436646286	51076366303	3.39	0x181586c8	581	3.65E+17
366912	1437828285	52278304845	2.35	0x18150815	586	3.74E+17
368928	1439028930	52699842409	0.81	0x1814dd04	596	3.77E+17
370944	1440204583	54256630327	2.95	0x181443c4	583	3.88E+17
372960	1441357507	56957648455	4.98	0x18134dc1	572	4.07E+17
374976	1442519404	59335351233	4.17	0x181287ba	576	4.24E+17
376992	1443700390	60813224039	2.49	0x18121472	586	4.35E+17
379008	1444908751	60883825480	0.12	0x18120f14	599	4.36E+17
381024	1446092706	62253982449	2.25	0x1811a954	587	4.45E+17
383040	1447236692	65848255179	5.77	0x1810b289	567	4.71E+17
385056	1448332462	72722780642	10.44	0x180f1e76	544	5.20E+17
387072	1449444652	79102380900	8.77	0x180de64f	552	5.66E+17
389088	1450469289	93448670796	18.14	0x180bc409	508	6.68E+17
391104	1451558562	1.04E+11	11.16	0x180a9591	540	7.43E+17
393120	1452667178	1.13E+11	9.12	0x1809b31b	550	8.11E+17
395136	1453810745	1.20E+11	5.89	0x180928f0	567	8.58E+17
397152	1454818360	1.44E+11	20.06	0x1807a114	500	1.03E+18
399168	1455885256	1.63E+11	13.44	0x1806b99f	529	1.17E+18
401184	1457133956	1.58E+11	-3.1	0x1806f0a8	619	1.13E+18
403200	1458292068	1.65E+11	4.46	0x1806a4c3	574	1.18E+18
405216	1459492475	1.67E+11	0.82	0x180696f4	595	1.19E+18
407232	1460622341	1.79E+11	7.09	0x1806274b	560	1.28E+18
409248	1461832110	1.79E+11	-0.01	0x18062776	600	1.28E+18
411264	1462944866	1.94E+11	8.73	0x1805a8fa	552	1.39E+18
413280	1464123766	1.99E+11	2.6	0x18058436	585	1.43E+18
415296	1465353718	1.96E+11	-1.63	0x18059ba0	610	1.40E+18
417312	1466486338	2.09E+11	6.83	0x18053fd6	562	1.50E+18
419328	1467674161	2.13E+11	1.88	0x180526fd	589	1.53E+18
421344	1468884162	2.13E+11	0.04	0x18052669	600	1.53E+18
423360	1470163842	2.02E+11	-5.43	0x18057228	635	1.44E+18
425376	1471287554	2.17E+11	7.67	0x18050edc	557	1.56E+18
427392	1472479861	2.21E+11	1.56	0x1804fb08	591	1.58E+18
429408	1473662347	2.26E+11	2.3	0x1804de5e	587	1.62E+18
431424	1474795015	2.41E+11	6.82	0x18048ed4	562	1.73E+18
433440	1475924010	2.59E+11	7.17	0x180440c4	560	1.85E+18
435456	1477159378	2.54E+11	-1.9	0x180455d2	613	1.81E+18
437472	1478364418	2.55E+11	0.4	0x18045174	598	1.82E+18
439488	1479457815	2.82E+11	10.68	0x1803e6d4	542	2.02E+18
441504	1480646786	2.87E+11	1.76	0x1803d589	590	2.05E+18
443520	1481765313	3.10E+11	8.16	0x18038b85	555	2.22E+18
445536	1482946855	3.18E+11	2.43	0x180375ff	586	2.27E+18
447552	1484088052	3.37E+11	6.05	0x18034379	566	2.41E+18
449568	1485125572	3.93E+11	16.64	0x1802cc47	515	2.81E+18
451584	1486251529	4.22E+11	7.43	0x18029ab9	559	3.02E+18
453600	1487410706	4.41E+11	4.41	0x18027e93	575	3.15E+18
455616	1488567886	4.61E+11	4.54	0x180262df	574	3.30E+18
457632	1489739775	4.76E+11	3.24	0x18024fb1	581	3.40E+18
459648	1490891948	5.00E+11	5.03	0x1802335a	572	3.57E+18
461664	1492052390	5.21E+11	4.24	0x18021c73	576	3.73E+18
463680	1493259601	5.22E+11	0.22	0x18021b3e	599	3.74E+18
465696	1494387648	5.60E+11	7.28	0x1801f6a7	560	4.01E+18
467712	1495524592	5.96E+11	6.42	0x1801d854	564	4.26E+18
469728	1496586907	6.79E+11	13.9	0x18019eaf	527	4.86E+18
471744	1497741533	7.12E+11	4.85	0x18018b7e	573	5.09E+18
473760	1498956437	7.09E+11	-0.43	0x18018d30	603	5.07E+18
475776	1500021942	8.05E+11	13.53	0x18015ddc	529	5.76E+18
477792	1501153434	8.60E+11	6.92	0x18014735	561	6.16E+18
479808	1502282210	9.23E+11	7.32	0x180130e0	560	6.60E+18
481824	1503539857	8.88E+11	-3.8	0x18013ce9	624	6.36E+18
483840	1504704195	9.23E+11	3.89	0x1801310b	578	6.60E+18
485856	1505716276	1.10E+12	19.58	0x1800ff18	502	7.89E+18
487872	1506904066	1.12E+12	1.85	0x1800fa73	589	8.04E+18
489888	1508040302	1.20E+12	6.49	0x1800eb30	564	8.56E+18
491904	1509036762	1.45E+12	21.39	0x1800c1bd	494	1.04E+19
493920	1510326831	1.36E+12	-6.09	0x1800ce4b	640	9.75E+18
495936	1511553196	1.35E+12	-1.28	0x1800d0f6	608	9.63E+18
497952	1512577401	1.59E+12	18.11	0x1800b0ed	508	1.14E+19
499968	1513605320	1.87E+12	17.74	0x18009645	510	1.34E+19
501984	1514778970	1.93E+12	3.1	0x180091c1	582	1.38E+19
504000	1515827554	2.23E+12	15.36	0x177e578c	520	1.59E+19
506016	1516862900	2.60E+12	16.84	0x176c2146	514	1.86E+19
508032	1517958487	2.87E+12	10.43	0x1761e9f8	543	2.06E+19
510048	1519114859	3.01E+12	4.62	0x175d97dc	574	2.15E+19
512064	1520223678	3.29E+12	9.42	0x175589a3	550	2.35E+19
514080	1521373218	3.46E+12	5.23	0x17514a49	570	2.48E+19
516096	1522566357	3.51E+12	1.4	0x17502ab7	592	2.51E+19
518112	1523672932	3.84E+12	9.35	0x1749500d	549	2.75E+19
520128	1524828253	4.02E+12	4.76	0x1745fb53	573	2.88E+19
522144	1526003655	4.14E+12	3.03	0x1743eca9	583	2.96E+19
524160	1527168053	4.31E+12	3.94	0x17415a49	578	3.08E+19
526176	1528222686	4.94E+12	14.71	0x1738f841	523	3.54E+19
528192	1529400045	5.08E+12	2.77	0x17376f56	584	3.63E+19
530208	1530545661	5.36E+12	5.64	0x17347a28	568	3.84E+19
532224	1531799449	5.18E+12	-3.45	0x17365a17	622	3.70E+19
534240	1532852371	5.95E+12	14.88	0x172f4f7b	522	4.26E+19
536256	1533980459	6.39E+12	7.39	0x172c0da7	560	4.57E+19
538272	1535129431	6.73E+12	5.29	0x1729d72d	570	4.81E+19
540288	1536290079	7.02E+12	4.34	0x172819a1	576	5.02E+19
542304	1537478139	7.15E+12	1.9	0x17275a1f	589	5.12E+19
544320	1538639362	7.45E+12	4.23	0x1725c191	576	5.33E+19
546336	1539895067	7.18E+12	-3.65	0x17272fbd	623	5.14E+19
548352	1541105656	7.18E+12	0.02	0x17272d92	600	5.14E+19
550368	1542412284	6.65E+12	-7.39	0x172a4e2f	648	4.76E+19
552384	1543838368	5.65E+12	-15.13	0x1731d97c	707	4.04E+19
554400	1545175965	5.11E+12	-9.56	0x17371ef4	663	3.66E+19
556416	1546276809	5.62E+12	10.03	0x173218a5	546	4.02E+19
558432	1547432394	5.88E+12	4.72	0x172fd633	573	4.21E+19
560448	1548657313	5.81E+12	-1.18	0x17306835	608	4.16E+19
562464	1549817981	6.06E+12	4.25	0x172e6f88	576	4.34E+19
564480	1551026038	6.07E+12	0.17	0x172e5b50	599	4.34E+19
566496	1552236304	6.07E+12	-0.05	0x172e6117	600	4.34E+19
